31958
67315
80678
22796
81774
91776
96320
82148
68746
62217
35159
32585
66351
25542
28868
46260
84424
72320
95791
51013
75107
74337
64964
3484
75529
7208
51344
73811
89632
17426
81832
81387
42189
45787
69977
14767
82484
51051
23315
46719
99382
36968
92330
28456
55986
43490
1407
78606
88751
90618
47931
62292
62182
78203
94770
81883
67277
39578
89422
86026
14449
24200
55847
99228
28431
13408
3645
65191
9200
55862
12768
26972
12901
11274
22625
23116
83639
73873
95288
98009
49489
72618
52238
82046
57482
18475
95588
31700
12683
41743
57620
63894
4545
61422
21283
14213
40990
55874
48321
27509
